0.241025254449823
0.246791093812998
0.253254174322915
0.260229626955454
0.267497216872719
0.274807484175120
0.281888970458426
0.288456126589957
0.294217686506803
0.298885687251237
0.302184451667726
0.303858905195918
0.303682622168170
0.301465078448615
0.297057658940991
0.290358707643048
0.281317029368858
0.269933978185372
0.256264005594144
0.240413739241160
0.222539411802021
0.202842956822472
0.181566887261947
0.158988046248043
0.135410368248298
0.111157125094867
0.0865627069490698
0.0619640839276128
0.0376927602553974
0.0140667590143754
-0.00861670129035989
-0.0300876332820246
-0.0501088851646623
-0.0684804302890927
-0.0850425021834690
-0.0996774484286320
-0.112310240349743
-0.122907873234693
-0.131477299368397
-0.138062482806313
-0.142740483562973
-0.145616669506289
-0.146819464569833
-0.146494677716007
-0.144799694702378
-0.141897796630180
-0.137952591375563
-0.133123027276498
-0.127559015508834
-0.121397703958832
-0.114760471768580
-0.107751215358880
-0.100455318620123
-0.0929394878264871
-0.0852525363478661
-0.0774270726065821
-0.0694817450393476
-0.0614239779259903
-0.0532532255751345
-0.0449643837395561
-0.0365513047313311
-0.0280101848791430
-0.0193426535945778
-0.0105584267027332
-0.00167736656304035
0.00726892713658469
0.0162364804362129
0.0251689295836944
0.0339982029802972
0.0426460797127837
0.0510264547636417
0.0590479934977874
0.0666175363055567
0.0736435086472416
0.0800399018086357
0.0857299363099815
0.0906498087375750
0.0947520292020957
0.0980082691928925
0.100411749585672
0.101978786312555
0.102749511989319
0.102787811181658
0.102180515123250
0.101035499412860
0.0994790073074316
0.0976523999891522
0.0957081612863202
0.0938052552558201
0.0921042744744895
0.0907623280411782
0.0899279614780940
0.0897361859803666
0.0903040059915035
0.0917263545130139
0.0940726419183239
0.0973841809044900
0.101672482961791
0.106918574545978
0.113073286425858
0.120058598353182
0.127769886419281
0.136079110902669
0.144838949771106
0.153887491726023
0.163053362669565
0.172161301119803
0.181038003124588
0.189517813899644
0.197448199664365
0.204694714730871
0.211145579967782
0.216715372466083
0.221347949211654
0.225018226053510
0.227732961487600
0.229530565393694
0.230479696338970
0.230676994789771
0.230243652984552
0.229321156890788
0.228066441178906
0.226646271249325
0.225231405990875
0.223990656303326
0.223084583959326
0.222659797514710
0.222843356811726
0.223737868384471
0.225417381401326
0.227924090403232
0.231266113990699
0.235416147226017
0.240311263078395
0.245853937396043
0.251914094425033
0.258331892570046
0.264921999063022
0.271478381157602
0.277779695286117
0.283595269037876
0.288691264297701
0.292837188664730
0.295812142906379
0.297410924953892
0.297449765244334
0.295771331656088
0.292249182984005
0.286791317849029
0.279342782866530
0.269887216520457
0.258447594402219
0.245085836557162
0.229901418090242
0.213029091454519
0.194635696561441
0.174916368463326
0.154090054079876
0.132394471857013
0.110080885364817
0.0874086205191926
0.0646396007655987
0.0420329617479233
0.0198400574774954
-0.00170032835413520
-0.0223661875774592
-0.0419559497422998
-0.0602914034249422
-0.0772200401816885
-0.0926165485584877
-0.106383676305267
-0.118452482670378
-0.128781618826146
-0.137356269297398
-0.144186554354351
-0.149305362026077
-0.152765904249634
-0.154638863880410
-0.155009497221967
-0.153974711897619
-0.151640155676338
-0.148117319850470
-0.143520863799914
-0.137966188884154
-0.131567277931263
-0.124434944471486
-0.116675450747163
-0.108389365679576
-0.0996707737895081
-0.0906069508883419
-0.0812782452408178
-0.0717582092476324
-0.0621139329570100
-0.0524066991296754
-0.0426927032859211
-0.0330236158122648
-0.0234473759643865
-0.0140089532918136
-0.00475094229470988
0.00428603612971072
0.0130628526921776
0.0215417350780910
0.0296864439281684
0.0374622231466574
0.0448362403215618
0.0517781440804047
0.0582606027248777
0.0642601602216716
0.0697579104738707
0.0747403325579613
0.0792001580256862
0.0831370661320237
0.0865582902652180
0.0894792109483374
0.0919235275700551
0.0939234490092394
0.0955195596073286
0.0967604683509191
0.0977021291429836
0.0984070104352129
0.0989430052820833
0.0993821415509818
0.0997989607286036
0.100269009492200
0.100867038730113
0.101665147608294
0.102730953719827
0.104125850168846
0.105903308066099
0.108107295850326
0.110770959077204
0.113915530050752
0.117549460398610
0.121668004447784
0.126252971970896
0.131272942207022
0.136683874093115
0.142430014032811
0.148445203190427
0.154654468553457
0.160975831703317
0.167322462450908
0.173605018937665
0.179734128425033
0.185622862606528
0.191189279923083
0.196358934944472
0.201067120608169
0.205260936054345
0.208901195325260
0.211963732984925
0.214440570470062
0.216340528374506
0.217689353717810
0.218529393610626
0.218918633024679
0.218929372894517
0.218646487287696
0.218165027242930
0.217587432651037
0.217020656390210
0.216572905859017
0.216350086614940
0.216452320611312
0.216970227990970
0.217981734799088
0.219548823722790
0.221714743811490
0.224501526346628
0.227907969425695
0.231908364870328
0.236451689168996
0.241461463422972
0.246836509083515
0.252452188880482
0.258162555138719
0.263803052998660
0.269193691528405
0.274143062795531
0.278452635175283
0.281921452146097
0.284351140950707
0.285550836364425
0.285342281972882
0.283564769759409
0.280079669505320
0.274774594687167
0.267567083339395
0.258407673130797
0.247282165641703
0.234213040923528
0.219260113137765
0.202520219653225
0.184126117524310
0.164244251388157
0.143071979667313
0.120833889041257
0.0977774621643865
0.0741680516233637
0.0502835632662721
0.0264087733141898
0.00282947131945341
-0.0201735275488315
-0.0423299724503041
-0.0633856503853692
-0.0831074764487369
-0.101287865170463
-0.117748543171506
-0.132343701536307
-0.144962125438562
-0.155528444807639
-0.164003622019606
-0.170384499326162
-0.174702539272097
-0.177021629458176
-0.177435285268145
-0.176063141337823
-0.173046899655684
-0.168546010613665
-0.162732917574202
-0.155788482750583
-0.147897179054588
-0.139242404783065
-0.130002491615044
-0.120346570306552
-0.110431253878601
-0.100397948217733
-0.0903707404290604
-0.0804548317509371
-0.0707358438882783
-0.0612797793992367
-0.0521335371361083
-0.0433260298956627
-0.0348699112042767
-0.0267637791850192
-0.0189944953404759
-0.0115398239024723
-0.00437122928147797
0.00254328656639514
0.00923648543796795
0.0157395277971455
0.0220798555096613
0.0282793664692216
0.0343530041544304
0.0403080501410456
0.0461437461006432
0.0518514482124523
0.0574151879210797
0.0628128258768132
0.0680173563067430
0.0729986912802335
0.0777256053971791
0.0821677585080700
0.0862979176118724
0.0900939108628202
0.0935404391270367
0.0966306382046222
0.0993675080040865
0.101764600048615
0.103846570122483
0.105649126418576
0.107218425828783
0.108610099868476
0.109887825201188
0.111121411133398
0.112384633001544
0.113752724528077
0.115299863444098
0.117096349343517
0.119206135637646
0.121684162247896
0.124574115521278
0.127906516591770
0.131697208517423
0.135946254930262
0.140637520369705
0.145738682022425
0.151201865349746
0.156964902957032
0.162953165102134
0.169081806435229
0.175258524889205
0.181386455498720
0.187367578649489
0.193106143777753
0.198512099644639
0.203504227683570
0.208013573664275
0.211985995161930
0.215384470997770
0.218190810994806
0.220406772463730
0.222054398544379
0.223175889066485
0.223832575782434
0.224103336011809
0.224082079843831
0.223874828055200
0.223596305571678
0.223366006975875
0.223304070227783
0.223526853237883
0.224142557188322
0.225246960468668
0.226919387136478
0.229219145387499
0.232182376648757
0.235819553038101
0.240113725218796
0.245019464343505
0.250462845445961
0.256342196302579
0.262529628167152
0.268873418952489
0.275201279055795
0.281324323171207
0.287041356769850
0.292143980150304
0.296421842487792
0.299668114162335
0.301684984112083
0.302289075100609
0.301316528187776
0.298627677316946
0.294111292452459
0.287688024674775
0.279313101402745
0.268978100756238
0.256711994172184
0.242581097607547
0.226688194742677
0.209170742405528
0.190198213159003
0.169968635238244
0.148704583676407
0.126648401870134
0.104057155791026
0.0811972990015448
0.0583390543428749
0.0357508898270212
0.0136941064761130
-0.00758220546641176
-0.0278459033179502
-0.0468860223478590
-0.0645163193580085
-0.0805780990159699
-0.0949424047024102
-0.107511401229177
-0.118218829681504
-0.127029958587917
-0.133940672503995
-0.138975789429688
-0.142186942606700
-0.143649864377554
-0.143461282264820
-0.141735527789478
-0.138600936535102
-0.134196254580976
-0.128666948694165
-0.122161700348141
-0.114829087097379
-0.106814548441579
-0.0982578469406189
-0.0892907965659627
-0.0800356875797923
-0.0706037825775004
-0.0610945956885813
-0.0515953763660767
-0.0421813106197143
-0.0329158147212265
-0.0238513113221297
-0.0150301851753039
-0.00648587746319618
0.00175583814730401
0.00967549322372683
0.0172588060526313
0.0244953671979509
0.0313776558414983
0.0379001776123494
0.0440587310690087
0.0498501271530812
0.0552719582996800
0.0603225354819916
0.0650012943234974
0.0693092123701377
0.0732493945783635
0.0768276884943276
0.0800534211266725
0.0829401223106121
0.0855060188118486
0.0877746602139201
0.0897752083345968
0.0915424543156884
0.0931168319282577
0.0945438684807775
0.0958736562027526
0.0971599054694355
0.0984587440963989
0.0998273637289114
0.101322559797374
0.102999040572286
0.104907780824562
0.107094124925113
0.109596223841888
0.112443558377064
0.115655725449464
0.119241277313768
0.123197086197943
0.127508061530280
0.132147126049100
0.137075753727673
0.142244925360308
0.147596349659248
0.153064235131049
0.158577139471264
0.164060355298905
0.169438365305276
0.174637382945091
0.179587952202429
0.184227578340981
0.188503154058481
0.192372915904327
0.195808267684547
0.198795225584013
0.201335276814930
0.203445773183257
0.205159779238833
0.206525229844924
0.207603556923323
0.208467879292724
0.209200528467127
0.209890245113947
0.210628885923757
0.211508031139550
0.212615260832087
0.214030414781469
0.215822117339205
0.218044249829791
0.220732901314365
0.223903757019598
0.227549842517512
0.231640258170163
0.236119381633354
0.240906746444380
0.245897778738599
0.250965541851036
0.255962875872362
0.260725470051432
0.265075519272508
0.268826028608045
0.271785444965108
0.273762784401106
0.274572788799500
0.274041014560623
0.272009115132342
0.268339687132079
0.262920708013626
0.255669256777492
0.246534900602262
0.235502174112258
0.222592049167639
0.207862800581410
0.191409673436321
0.173363697073411
0.153889631523850
0.133183014120879
0.111466400973108
0.0889849648602194
0.0660014994076611
0.0427909236374538
0.0196345939823362
-0.00318559911526259
-0.0253929685202115
-0.0467218172379108
-0.0669227794487070
-0.0857676741618600
-0.103053802823883
-0.118607554187913
-0.132287369376290
-0.143985566621771
-0.153629520988075
-0.161182030695877
-0.166640718058858
-0.170036702071362
-0.171432371606186
-0.170918689940216
-0.168611862973508
-0.164649492606935
-0.159186457992368
-0.152390697358041
-0.144438792693722
-0.135511695391115
-0.125790607916943
-0.115453237916769
-0.104670236072308
-0.0936023088932484
-0.0823976201542628
-0.0711899737809220
-0.0600974607063089
-0.0492216312795381
-0.0386473205489017
-0.0284427905053937
-0.0186605028919096
-0.00933816660357321
-0.000500171486370386
0.00784076996408106
0.0156818456836969
0.0230283975038979
0.0298920357142345
0.0362890173118452
0.0422386810859802
0.0477620356175699
0.0528808011451165
0.0576165895777061
0.0619902884227991
0.0660219871260520
0.0697308667497511
0.0731354761502092
0.0762541499470010
0.0791056262665254
0.0817097337579146
0.0840879362244857
0.0862639991047898
0.0882646225683655
0.0901198396073886
0.0918631495312244
0.0935316003996786
0.0951656218380950
0.0968083893304569
0.0985051790665817
0.100302423476720
0.102246483206643
0.104382403256382
0.106752410093063
0.109394435502229
0.112340691288043
0.115616209370298
0.119237624105216
0.123212135366537
0.127536691595172
0.132197484071210
0.137169819031777
0.142418461833298
0.147898180688189
0.153554695180907
0.159326032086761
0.165144295347896
0.170937553915558
0.176632275880790
0.182155213308921
0.187435924755830
0.192409178527945
0.197017309102837
0.201212251612023
0.204957568627363
0.208229910392914
0.211020117924125
0.213334109103969
0.215193094439715
0.216633274645586
0.217705168787948
0.218472287584583
0.219009501741536
0.219400753486174
0.219736570593007
0.220111314342269
0.220619928146421
0.221354821876773
0.222402645726298
0.223841048647979
0.225735771295426
0.228137750538239
0.231080668566997
0.234579074210699
0.238626702489156
0.243195490593007
0.248235145219616
0.253673301051220
0.259416303558459
0.265350462792988
0.271344042021386
0.277249514347307
0.282906609693044
0.288145466598624
0.292790221134342
0.296662702200364
0.299586424173198
0.301390566718618
0.301913798880026
0.301008020991491
0.298541916006618
0.294404215962448
0.288506396825899
0.280785128284889
0.271204167102032
0.259755812715397
0.246461621675050
0.231372714857915
0.214569539824161
0.196160997779782
0.176283171555167
0.155097359342766
0.132787850047940
0.109559345305935
0.0856338611490405
0.0612473666738256
0.0366462900724696
0.0120837880622467
-0.0121839295138448
-0.0359015369376693
-0.0588184476939894
-0.0806925009327559
-0.101293643948499
-0.120407337849475
-0.137837644709049
-0.153410179082006
-0.166974656338702
-0.178407097107757
-0.187611494993472
-0.194521310107517
-0.199100373022657
-0.201343223812791
-0.201275259856376
-0.198952041028096
-0.194458269446406
-0.187906475169626
-0.179435075387074
-0.169206022794507
-0.157402085029996
-0.144223771699869
-0.129885995825021
-0.114614362778536
-0.0986413751406924
-0.0822024782832038
-0.0655321106044052
-0.0488598000455186
-0.0324062713550902
-0.0163797402409693
-0.000972519244217141
0.0136420504214949
0.0273123049281908
0.0399104936662669
0.0513345207866518
0.0615091918565106
0.0703867904123601
0.0779471054037587
0.0841969689443776
0.0891691070045361
0.0929204364722598
0.0955299887428099
0.0970963668946513
0.0977347754622023
0.0975736214554746
0.0967512327519820
0.0954121949659311
0.0937037535681509
0.0917723279769450
0.0897600870033812
0.0878017087369664
0.0860216764389283
0.0845317966859941
0.0834291849823094
0.0827947965552116
0.0826923851106623
0.0831680323488661
0.0842501667064866
0.0859501042907688
0.0882628334057206
0.0911684583971923
0.0946337919387646
0.0986142219913308
0.103055936711333
0.107898119977745
0.113075126042490
0.118518741793022
0.124160220532314
0.129932766083323
0.135772460924960
0.141619683021867
0.147420265289310
0.153126176062676
0.158696028118790
0.164095263479357
0.169295943266255
0.174276514364644
0.179021038835597
0.183518653091577
0.187762755673129
0.191750161555315
0.195480456373695
0.198955137824559
0.202177131619240
0.205150480216348
0.207879942039946
0.210371082206131
0.212630303500754
0.214665088301475
0.216484473936702
0.218099595579831
0.219524345290219
0.220775805966671
0.221874821080210
0.222846369054452
0.223719760506547
0.224528587220677
0.225310367992493
0.226105953634903
0.226958673717627
0.227912744712905
0.229011723965563
0.230296673065901
0.231804027198650
0.233563151935799
0.235593832303207
0.237903957123478
0.240487228527729
0.243320916377872
0.246364248899481
0.249556938444156
0.252818359266229
0.256047528514102
0.259123512719200
0.261906698435993
0.264240843979672
0.265955859625156
0.266871379015745
0.266801096186615
0.265557434225990
0.262956866507401
0.258825651561959
0.253005662409076
0.245360214123553
0.235779732049975
0.224187128584201
0.210542407779604
0.194846694910661
0.177145421589632
0.157530343465378
0.136140298080211
0.113160759803319
0.0888222142803460
0.0633970228468116
0.0371951000875870
0.0105583237891693
-0.0161460537771206
-0.0425331361360453
-0.0682088478939199
-0.0927786538507569
-0.115856960920505
-0.137076382927215
-0.156096848524704
-0.172614221947498
-0.186368195351026
-0.197149113987301
-0.204803682919863
-0.209239244194088
-0.210426597468721
-0.208401141629548
-0.203262435831289
-0.195171904055794
-0.184348953022358
-0.171065695347949
-0.155640068730185
-0.138428031435490
-0.119814445701571
-0.100203437530299
-0.0800083018955696
-0.0596411903533613
-0.0395030194586477
-0.0199737922758429
-0.00140362755543809
0.0158952983596815
0.0316555063136296
0.0456597445953334
0.0577447704727439
0.0678037612782547
0.0757869016569836
0.0817004051994299
0.0856040898759786
0.0876072940535089
0.0878637788536382
0.0865651341191863
0.0839335938579677
0.0802141907478514
0.0756665089257428
0.0705563031066883
0.0651474332046858
0.0596941388350226
0.0544340042315931
0.0495817308705064
0.0453240766461096
0.0418159038038473
0.0391774427967489
0.0374930435014363
0.0368109311352699
0.0371443867189994
0.0384740092251470
0.0407509809744990
0.0439012948191357
0.0478304107060995
0.0524284878582738
0.0575758247217142
0.0631482919312165
0.0690223397091514
0.0750806031942548
0.0812154945406298
0.0873325347588779
0.0933531738885379
0.0992166261037159
0.104880631238307
0.110321427720982
0.115532736677533
0.120524039903522
0.125318255829726
0.129948693188450
0.134455697992945
0.138883329947246
0.143275674321801
0.147673497936908
0.152111296204567
0.156614551873563
0.161197809789836
0.165863378056353
0.170600793705453
0.175386998967040
0.180187362035789
0.184957281986561
0.189644662757759
0.194192708907906
0.198543211815238
0.202639921826257
0.206432210459131
0.209878379508557
0.212948723132581
0.215628133763819
0.217918036235544
0.219837648902177
0.221424340199006
0.222733081419085
0.223834969005925
0.224814847956166
0.225767972880659
0.226796005197405
0.228002429729574
0.229487416172660
0.231342542267653
0.233645338998373
0.236454014667316
0.239802819977018
0.243697614267690
0.248112567965727
0.252987917108646
0.258228600760475
0.263704415796508
0.269251470610854
0.274674852199847
0.279752698305162
0.284241703863473
0.287883410697661
0.290411593137163
0.291560541057270
0.291073636375211
0.288712053780874
0.284263489925366
0.277550567818553
0.268438506804410
0.256841754255603
0.242729416946734
0.226129211312401
0.207130080531739
0.185882736780263
0.162598536913251
0.137546497914591
0.111048523802116
0.0834730757961255
0.0552270273485003
0.0267464930318399
-0.00151353927302135
-0.0290903201325879
-0.0555248569775071
-0.0803735773008767
-0.103219686304453
-0.123683833129097
-0.141433986360576
-0.156194130901164
-0.167751241313993
-0.175960693589123
-0.180749781265098
-0.182119318383974
-0.180143083841660
-0.174965284626359
-0.166796188524122
-0.155905816347572
-0.142616280174264
-0.127292572511837
-0.110332421020023
-0.0921553819768677
-0.0731915053442302
-0.0538700683682027
-0.0346083476813073
-0.0158012813973276
0.00218811159562445
0.0190370714294222
0.0344699663999105
0.0482636939290232
0.0602512451140143
0.0703235831530037
0.0784296108721752
0.0845745606590311
0.0888166796172255
0.0912626166373370
0.0920611988430525
0.0913965149970971
0.0894800010240007
0.0865423263151280
0.0828249467888080
0.0785717267437290
0.0740209959888780
0.0693984375450921
0.0649105233185804
0.0607391239240132
0.0570372567320697
0.0539263547265202
0.0514945254198055
0.0497964469942985
0.0488541416067098
0.0486592458552458
0.0491762334607258
0.0503464220173890
0.0520926125708881
0.0543242828025294
0.0569428778445090
0.0598477271309578
0.0629405380102450
0.0661301345055335
0.0693366075920037
0.0724945627386601
0.0755556188250752
0.0784898964154442
0.0812865610933555
0.0839533359025553
0.0865152382616927
0.0890122474453485
0.0914964793413257
0.0940287234964615
0.0966746013522919
0.0995004039662283
0.102569143182238
0.105936507100078
0.109647388961405
0.113732868843915
0.118207696668493
0.123068692715843
0.128293937604374
0.133842886066900
0.139657379497981
0.145663473722509
0.151774051638696
0.157892085674641
0.163914543634799
0.169736608338482
0.175256153340436
0.180378199324692
0.185019234029521
0.189111226351458
0.192605045237887
0.195473276503022
0.197712070706429
0.199342255439207
0.200409383037712
0.200982748370201
0.201153312533796
0.201030906238531
0.200740383334728
0.200416957317917
0.200201111525859
0.200232925009160
0.200646310892174
0.201563066087132
0.203087255877724
0.205299944548258
0.208254515456537
0.211972878054186
0.216442516470909
0.221614729939497
0.227403882359650
0.233688199937333
0.240311566092284
0.247086533049008
0.253798693110123
0.260212013390419
0.266074972305765
0.271127539656006
0.275108631268652
0.277763919827863
0.278853734206838
0.278160587068542
0.275496459799062
0.270709455397832
0.263689494120550
0.254372970622523
0.242746238799230
0.228847775719938
0.212768980717148
0.194653357072292
0.174694427770888
0.153132192608394
0.130248279368095
0.106359922769314
0.0818129798332190
0.0569740658926951
0.0322220817817487
0.00793942201470002
-0.0154970278606598
-0.0377247141215951
-0.0584038017300137
-0.0772251407176572
-0.0939172772150225
-0.108252574099730
-0.120052140219629
-0.129189464422110
-0.135592731109661
-0.139245718053190
-0.140187348810303
-0.138509758396627
-0.134355188647154
-0.127911628880319
-0.119407281207659
-0.109104294797393
-0.0972917071841934
-0.0842780182980214
-0.0703832995372409
-0.0559313478763673
-0.0412418275726609
-0.0266229344386236
-0.0123645738474694
0.00126789142306099
0.0140390011017846
0.0257474671215269
0.0362295782071188
0.0453613391085557
0.0530595480631781
0.0592817923189355
0.0640253285235065
0.0673249324979097
0.0692498525814309
0.0698999558097403
0.0694013002909046
0.0679011410235574
0.0655625351614757
0.0625590321171134
0.0590690957201531
0.0552707805493567
0.0513368087451608
0.0474299107090811
0.0436989383379928
0.0402754029266861
0.0372709694679798
0.0347755920144320
0.0328564708213160
0.0315582357735200
0.0309030534026301
0.0308918606627089
0.0315062874298379
0.0327111039557117
0.0344570841564296
0.0366840993250723
0.0393244991546241
0.0423065992677109
0.0455580945091643
0.0490092083085192
0.0525955559319762
0.0562606900623778
0.0599580936242866
0.0636527386547183
0.0673219953691474
0.0709559328108408
0.0745569787011943
0.0781390846731522
0.0817263430875458
0.0853510029014391
0.0890513581268712
0.0928690838102563
0.0968465529520356
0.101024117756066
0.105437171068188
0.110113719864633
0.115072139517372
0.120319093966380
0.125848278356842
0.131639432444741
0.137658182157553
0.143856162764094
0.150172151019397
0.156533571399030
0.162858670149563
0.169059180761092
0.175043370200443
0.180719444021032
0.185999112728173
0.190801231523359
0.195055303061423
0.198704784223081
0.201710114187434
0.204051180530908
0.205729092837243
0.206767349414275
0.207212246407001
0.207132369009480
0.206617168188655
0.205774752930305
0.204728872790959
0.203615097374110
0.202576441404905
0.201758343695776
0.201303321324503
0.201345383222348
0.202004471905816
0.203381182682288
0.205551594147145
0.208562829967419
0.212429305589871
0.217129889759563
0.222606081727536
0.228761485096328
0.235462334439225
0.242539300368968
0.249790601413409
0.256986308225923
0.263873744037353
0.270183930058846
0.275638869057055
0.279959316120946
0.282873153656699
0.284123780067203
0.283478520007273
0.280736515745172
0.275736212537065
0.268361801466723
0.258548554994177
0.246287076360172
0.231625908933532
0.214672591079416
0.195593129967868
0.174609689247766
0.151996629936401
0.128075139083633
0.103206253152727
0.0777826896399320
0.0522196202429982
0.0269445202030229
0.00238673401146888
-0.0210333238426461
-0.0429148082414158
-0.0628866647050115
-0.0806172132423034
-0.0958224949414756
-0.108273554401814
-0.117802240622227
-0.124305260338891
-0.127746397109583
-0.128157017334608
-0.125634633212143
-0.120339637241035
-0.112490370780875
-0.102356662102270
-0.0902518793074809
-0.0765240106863855
-0.0615457875849999
-0.0457044565158698
-0.0293912012706391
-0.0129908131505359
0.00312844215823484
0.0186239760460224
0.0331871042528847
0.0465500683764083
0.0584917241900220
0.0688414992559704
0.0774817438199802
0.0843485371513050
0.0894306889597007
0.0927671452763782
0.0944430519136287
0.0945844513654255
0.0933520313423073
0.0909340356047331
0.0875385901422631
0.0833856493077069
0.0786993839816605
0.0737005547880138
0.0685994062203495
0.0635893374930764
0.0588417402467163
0.0545017456580236
0.0506853032412524
0.0474776243109854
0.0449327343678611
0.0430742841183951
0.0418977733500850
0.0413734456933626
0.0414502673726325
0.0420603613236756
0.0431241495183630
0.0445555009315074
0.0462668458500080
0.0481740904516515
0.0502009805219471
0.0522829512884817
0.0543701319040528
0.0564293577621710
0.0584451484207508
0.0604199041767905
0.0623729111857992
0.0643385696421766
0.0663636529117237
0.0685039698384116
0.0708206364313947
0.0733757117603368
0.0762280791567276
0.0794292599726458
0.0830195743952603
0.0870248745043583
0.0914539688435874
0.0962967837061926
0.101523567419769
0.107084945441652
0.112913081543506
0.118923870976122
0.125020067272682
0.131094957906834
0.137036916389481
0.142734317473640
0.148080721674999
0.152980140934023
0.157351824746847
0.161134741804976
0.164291253019326
0.166810078955209
0.168708076719723
0.170030850619912
0.170852015646118
0.171271274563157
0.171411166650174
0.171412669246977
0.171429787051605
0.171623038777395
0.172152485863560
0.173170327469091
0.174813407645558
0.177195849872324
0.180402297418610
0.184481813007936
0.189442933684533
0.195250059411820
0.201821275842795
0.209027922232988
0.216695903850184
0.224608837465348
0.232512772479131
0.240122827159446
0.247131144970975
0.253216045321125
0.258052286852110
0.261321972893440
0.262725499177104
0.261992715375977
0.258893429717198
0.253247006645771
0.244930858369901
0.233887247025903
0.220128284192027
0.203738864384594
0.184877355477549
0.163774019513369
0.140727067229965
0.116096371676964
0.0902953561443109
0.0637808426363598
0.0370413219632381
0.0105839998410527
-0.0150788663990440
-0.0394441669601367
-0.0620318714951036
-0.0823986871755138
-0.100150595934117
-0.114954223362066
-0.126546118925421
-0.134740310389716
-0.139433399098659
-0.140607187961738
-0.138328870698958
-0.132748513208659
-0.124094163215229
-0.112664607810370
-0.0988200630625231
-0.0829710114811411
-0.0655657772061589
-0.0470771375622416
-0.0279882137495988
-0.00877842029947553
0.0100901563467618
0.0281856576927048
0.0451180560818686
0.0605492611381328
0.0742012506907298
0.0858620905382180
0.0953896195021963
0.102712901553506
0.107831152297559
0.110810454233998
0.111778488076730
0.110917333750057
0.108454563211250
0.104653352595876
0.0998017653587160
0.0942012297926346
0.0881555055035878
0.0819598589435975
0.0758910351158294
0.0701984780799566
0.0650967092953196
0.0607595720941927
0.0573163257983512
0.0548494403042017
0.0533946501449616
0.0529426016136433
0.0534423088590300
0.0548062611784733
0.0569167504760076
0.0596332009279001
0.0628001562962109
0.0662556051370569
0.0698391780402485
0.0734000299056721
0.0768040627227899
0.0799400805402301
0.0827246013933318
0.0851053280394871
0.0870630214548961
0.0886117683166825
0.0897976051993789
0.0906957553227895
0.0914063429529086
0.0920489194603987
0.0927561650362235
0.0936667760940791
0.0949182274767157
0.0966395066948720
0.0989441915238285
0.101924097868672
0.105643841999920
0.110136833079969
0.115402561169273
0.121405400007385
0.128074880136119
0.135307775135754
0.142971580230186
0.150909603624751
0.158947041584317
0.166898233556387
0.174574407422865
0.181791885430132
0.188380402099070
0.194190861510594
0.199102537600418
0.203029052832868
0.205923303799170
0.207780875916631
0.208641453824019
0.208588674029864
0.207747876995391
0.206282101867440
0.204386453635869
0.202280789336970
0.200201105976461
0.198389930861021
0.197086416818977
0.196515576881945
0.196877835180278
0.198339396769672
0.201023344642241
0.205001983943556
0.210291153607053
0.216846106521742
0.224559747584600
0.233263092559806
0.242727987714060
0.252672128801341
0.262766230370211
0.272643206522565
0.281908956215757
0.290154531982580
0.296969398087154
0.301954858310534
0.304737793674860
0.304984037214643
0.302410475920739
0.296796309273904
0.287992282118110
0.275927865094659
0.260616144793628
0.242156069971478
0.220732129331578
0.196611252556175
0.170137093244005
0.141721972310902
0.111836539581640
0.0809975148876379
0.0497538882967698
0.0186721368573290
-0.0116792407548370
-0.0407451781883756
-0.0679991877051636
-0.0929575511166880
-0.115192346003126
-0.134342537810321
-0.150123071336161
-0.162331531027826
-0.170852460326434
-0.175658733850386
-0.176810384991998
-0.174450882826177
-0.168801047560128
-0.160150589371886
-0.148847789188656
-0.135287775093033
-0.119899637283366
-0.103133007351134
-0.0854443465372695
-0.0672835160964095
-0.0490810704454820
-0.0312367750147930
-0.0141094182960719
0.00199143759006162
0.0168117000480194
0.0301570129075604
0.0418948140229750
0.0519540129393890
0.0603226581484395
0.0670437601584813
0.0722091142051346
0.0759520702689106
0.0784389869581916
0.0798600843576900
0.0804198201645400
0.0803276021368759
0.0797887218924951
0.0789958258635778
0.0781217763755842
0.0773137727465551
0.0766889545189135
0.0763312546865575
0.0762906024629702
0.0765833683983419
0.0771943719553491
0.0780802974910087
0.0791744510769442
0.0803923484779983
0.0816382845104128
0.0828119831101987
0.0838154655232465
0.0845594886193042
0.0849696287011125
0.0849914864890908
0.0845947925386713
0.0837762630046803
0.0825611612684124
0.0810033381384906
0.0791837514818981
0.0772077330235491
0.0752010628007924
0.0733047345016948
0.0716690638190554
0.0704470859238189
0.0697877554096090
0.0698290528488558
0.0706913379919578
0.0724714629344521
0.0752377646753289
0.0790259120287128
0.0838364417147600
0.0896333117524531
0.0963442380077135
0.103862665023391
0.112050955440326
0.120745081544477
0.129760417495912
0.138898671837764
0.147955533367674
0.156728597084922
0.165025489213272
0.172671719581590
0.179517841686352
0.185445991082380
0.190375048021529
0.194264479372412
0.197116716766079
0.198977553027637
0.199935045594371
0.200116445163236
0.199683529808208
0.198826450500209
0.197756185614767
0.196695884652367
0.195871861380990
0.195503591551048
0.195793933783793
0.196919655659632
0.199022735139948
0.202202707970821
0.206510211983892
0.211942567444910
0.218440886283703
0.225889352964136
0.234116612977579
0.242899149950920
0.251966702070219
0.261009608174969
0.269687917596331
0.277641631871962
0.284502041138010
0.289903839479442
0.293497293119048
0.294960441543344
0.294010477673255
0.290414215422187
0.283997292115952
0.274651615871252
0.262340750348054
0.247103083901463
0.229052824199479
0.208378593671855
0.185339666011258
0.160260065456044
0.133520395013620
0.105548063899305
0.0768060060747289
0.0477802871129217
0.0189668591202961
-0.00914163882056198
-0.0360692104101871
-0.0613691597489608
-0.0846357763722511
-0.105514556672763
-0.123710926818982
-0.138996958307157
-0.151215937854447
-0.160284737054561
-0.166193882920597
-0.169005315655630
-0.168848210528646
-0.165912639413904
-0.160441754860905
-0.152722502973684
-0.143075171041127
-0.131842440205973
-0.119378208918945
-0.106036353665460
-0.0921601669973618
-0.0780726012958306
-0.0640676650432994
-0.0504032830083249
-0.0372957704656711
-0.0249160939246823
-0.0133879228313947
-0.00278762975064133
0.00685402929922549
0.0155484612513644
0.0233444411611970
0.0303221378532581
0.0365859631492628
0.0422572465871517
0.0474662184894842
0.0523443258263763
0.0570169215444395
0.0615963358730385
0.0661762631799188
0.0708271032699488
0.0755925934030491
0.0804879867326933
0.0854997328665247
0.0905865276846839
0.0956818790104540
0.100697771785322
0.105529554351202
0.110061664353240
0.114173906067068
0.117748002570522
0.120674256205285
0.122857717161038
0.124224009751902
0.124724186643101
0.124338622532834
0.123079457014171
0.120992000087959
0.118154430214743
0.114676309648525
0.110695577824214
0.106374149900488
0.101892611445657
0.0974440666354942
0.0932269966012682
0.0894379823514376
0.0862643631351176
0.0838771234199746
0.0824240622819091
0.0820239899104486
0.0827618231562407
0.0846850430805103
0.0878015562288188
0.0920788609500586
0.0974451293384262
0.103791514684181
0.110976013132464
0.118828727602438
0.127158228204984
0.135758745052648
0.144417977297516
0.152925405083746
0.161080407956047
0.168700165957553
0.175626763892695
0.181733546701133
0.186930265255214
0.191166692105970
0.194434752860962
0.196768953912417
0.198245184263692
0.198977615770735
0.199114172531119
0.198830371589819
0.198322065371435
0.197797339873319
0.197467448340186
0.197537574495095
0.198197342349089
0.199611945600627
0.201913895308717
0.205195828160335
0.209504644169416
0.214837145265930
0.221137567931597
0.228296941372436
0.236154364154842
0.244500279911480
0.253081711783007
0.261609075767425
0.269764614819275
0.277212000867674
0.283606982284128
0.288608549862290
0.291890252645251
0.293151367792173
0.292127570246077
0.288600514879609
0.282406385614565
0.273442591536755
0.261672796903490
0.247129911999383
0.229916977915100
0.210205891145705
0.188234038408692
0.164298884299593
0.138750660983655
0.111983464602343
0.0844249768048034
0.0565253655650188
0.0287452921476539
0.00154379227973755
-0.0246337197509313
-0.0493668927909866
-0.0722710243931945
-0.0930064925985890
-0.111286675315922
-0.126884225385992
-0.139635353853521
-0.149442160607076
-0.156272938897140
-0.160160566303037
-0.161199065287937
-0.159538302238310
-0.155377256667347
-0.148956151097698
-0.140547548309980
-0.130446944023909
-0.118963144822163
-0.106408604590097
-0.0930903738216889
-0.0793014953099459
-0.0653135562993958
-0.0513705210933746
-0.0376836957106180
-0.0244283562810158
-0.0117420105195008
0.000276070259588022
0.0115636674866303
0.0220930856560899
0.0318674337135704
0.0409160354187960
0.0492889748848347
0.0570511541810289
0.0642762764118479
0.0710409332328655
0.0774189190488370
0.0834760707185225
0.0892660271533600
0.0948269266665928
0.100179113098775
0.105324077396851
0.110244424911750
0.114905095431665
0.119255761887781
0.123233955912826
0.126769078060039
0.129786924704066
0.132214581412481
0.133985445143508
0.135044042006365
0.135350598209281
0.134884837077864
0.133649203795480
0.131670850912443
0.129002748392598
0.125723681144564
0.121936979890122
0.117768092267182
0.113361214259065
0.108874825177176
0.104476633604859
0.100337758412707
0.0966267082965141
0.0935032144109280
0.0911121701665916
0.0895780424069042
0.0889999813570513
0.0894476239031652
0.0909581169770550
0.0935342478383450
0.0971439898093005
0.101721226966271
0.107167846995873
0.113357100251206
0.120138275684553
0.127342208548102
0.134787527423707
0.142287671288925
0.149658098777155
0.156723547469962
0.163325013551634
0.169326019063600
0.174618357503149
0.179126561454459
0.182811109124443
0.185670362111282
0.187741061988782
0.189096863556472
0.189845773597022
0.190126047605782
0.190100642936929
0.189950499794037
0.189867197892935
0.190044646866669
0.190670599083116
0.191918014870696
0.193936978744957
0.196847002744610
0.200730339547153
0.205626540041429
0.211528281275187
0.218379036258792
0.226072348980399
0.234452967948407
0.243319724075145
0.252430214941384
0.261507119137622
0.270245841830043
0.278323487788449
0.285408683504394
0.291171941893451
0.295296297066792
0.297487836387122
0.297485722112788
0.295071424030274
0.290076735793752
0.282390545836348
0.271963669434133
0.258811981815641
0.243017738439179
0.224728597894165
0.204154855495654
0.181564761025102
0.157277943800752
0.131657312679262
0.105099613788043
0.0780251752119691
0.0508668801732610
0.0240587531578811
-0.00197528898034219
-0.0268323223699228
-0.0501405397129152
-0.0715682673999649
-0.0908316547212029
-0.107700878286304
-0.122004440613331
-0.133631725489107
-0.142533747786159
-0.148721867990154
-0.152264819904647
-0.153284054468975
-0.151947763128707
-0.148463533383193
-0.143070220595784
-0.136029015899030
-0.127614490388976
-0.118105578174776
-0.107776801942623
-0.0968902198763040
-0.0856881874025751
-0.0743873487069496
-0.0631738857824453
-0.0522000709101382
-0.0415825212114248
-0.0314018178814365
-0.0217035964451193
-0.0125009750369664
-0.00377809871437123
0.00450519173008071
0.0124080221479240
0.0200023927102272
0.0273672091859367
0.0345820077935575
0.0417210676103700
0.0488483153411856
0.0560124340189738
0.0632432816141570
0.0705491579371450
0.0779154643228874
0.0853044611878562
0.0926561768129191
0.0998905696584274
0.106910733604437
0.113606938168368
0.119861479592228
0.125554023404120
0.130567179348620
0.134792108837061
0.138133988685395
0.140517113891429
0.141889089339817
0.142224423481161
0.141527142315118
0.139832055579858
0.137204845272147
0.133741200682491
0.129564438758662
0.124822260728139
0.119682353049585
0.114327225437184
0.108948282915732
0.103739540320261
0.0988913119822241
0.0945836328578441
0.0909802002875322
0.0882227477646795
0.0864261868489781
0.0856747799605406
0.0860192863576531
0.0874753455786855
0.0900230105611528
0.0936077458074233
0.0981427308038639
0.103512159345319
0.109575670296819
0.116173684409476
0.123133470571731
0.130275599708073
0.137420693947465
0.144396187407632
0.151042649382501
0.157219799227028
0.162811624284648
0.167730568341582
0.171920676733501
0.175359500189991
0.178058602826916
0.180062834344393
0.181448363826859
0.182319293022715
0.182803032401692
0.183045048611194
0.183202646706176
0.183438296778827
0.183912507563465
0.184776739457186
0.186166431301658
0.188194701372591
0.190946495885722
0.194473927718907
0.198792599522448
0.203879170667763
0.209670218848026
0.216062645459312
0.222915516259272
0.230053273840474
0.237270062232507
0.244335392452656
0.251000700561093
0.257006793985406
0.262091684886812
0.265998523042642
0.268483751886697
0.269324967218610
0.268328301437168
0.265334914572633
0.260226483514936
0.252929677609496
0.243419235394097
0.231719634537249
0.217905344567102
0.202099497643644
0.184471334895838
0.165232307901198
0.144630803109313
0.122945983111974
0.100480763461153
0.0775544270882493
0.0544943993330733
0.0316283183892712
0.00927611375690370
-0.0122575245836854
-0.0326901213277411
-0.0517675859482137
-0.0692693748211758
-0.0850125992905458
-0.0988548562692598
-0.110696016806507
-0.120478574260210
-0.128186820017337
-0.133844829631027
-0.137513419977832
-0.139286249460761
-0.139285217456745
-0.137655054224145
-0.134557733086961
-0.130166753097492
-0.124661396696398
-0.118221086046914
-0.111020338546343